5000x5000
(-3.52, 754.1, 3254.0)
(-8.55, 2678.9, 1828.1)
(-8.84, 2536.7, 187.4)
(-1.33, 349.2, 453.5)
(-1.51, 4133.4, 618.9)
(-5.54, 3136.5, 4737.6)
(1.54, 1983.0, 4880.3)
(-9.07, 4291.5, 1447.8)
(-7.11, 588.8, 1542.1)
(6.32, 903.5, 2907.4)
(2.78, 1861.6, 2738.2)
(-8.74, 297.9, 1029.6)
(3.61, 2137.5, 1570.4)
(1.71, 2265.5, 1498.5)
(5.89, 3494.3, 1220.2)
(1.49, 2625.5, 4374.8)
(4.59, 1439.4, 4899.9)
(-7.64, 2090.2, 3784.9)
(-6.96, 2444.3, 196.0)
(3.36, 3822.1, 2864.6)
(7.51, 1568.4, 3475.8)
(1.89, 2898.9, 2280.6)
(6.80, 4722.5, 2370.0)
(3.28, 303.3, 3506.8)
(2.94, 4964.5, 4108.8)
(-4.31, 1928.6, 3342.6)
(-9.55, 2308.0, 840.1)
(-7.66, 294.7, 3840.4)
(-7.41, 1237.8, 1954.4)
(7.43, 402.8, 2245.5)
(2.99, 4416.0, 4095.6)
(7.28, 1391.8, 2076.1)
(-2.82, 4420.1, 4787.7)
(-6.98, 880.9, 1159.6)
(-5.33, 2424.3, 2945.0)
(-4.75, 20.5, 2094.3)
(-2.61, 2831.1, 4764.5)
(3.81, 2576.9, 3087.3)
(3.52, 269.9, 4496.8)
(5.60, 4371.7, 3988.6)
(-2.15, 1994.5, 517.6)
(2.69, 311.2, 336.7)
(-5.82, 811.4, 1699.9)
(-8.95, 1.2, 756.2)
(-7.97, 1817.7, 127.5)
(7.49, 3069.7, 742.6)
(-4.95, 1736.6, 1820.5)
(-7.54, 4243.8, 4964.5)
(-2.68, 2418.7, 429.3)
(-7.96, 1712.8, 1323.5)
(6.58, 807.0, 115.5)
(9.02, 2640.8, 732.9)
(2.86, 135.2, 2640.0)
(9.57, 4315.8, 3480.3)
(-4.78, 1833.1, 835.0)
(5.44, 2662.4, 3894.5)
(-3.41, 1115.0, 4056.7)
(9.70, 4262.3, 4029.6)
(6.37, 3698.6, 1133.5)
(2.35, 1777.5, 144.9)
(-9.44, 1396.8, 1295.6)
(3.85, 4781.6, 2235.7)
(8.74, 4939.2, 4774.0)
(-2.71, 1102.1, 1134.0)
(-6.07, 1021.7, 3119.7)
(8.01, 4201.3, 2396.9)
(3.06, 3997.4, 423.8)
(3.21, 4548.0, 3910.7)
(5.00, 2389.7, 892.4)
(5.78, 1662.3, 4003.3)
(9.43, 1978.8, 2006.5)
(8.94, 3623.3, 849.8)
(-7.46, 755.6, 4523.4)
(6.13, 730.7, 4131.7)
(9.61, 3285.7, 1751.7)
(2.97, 654.8, 71.2)
(9.42, 3247.7, 2632.4)
(8.67, 2168.6, 4357.8)
(6.52, 1055.0, 1258.9)
(-4.14, 1202.5, 2931.6)
(-4.81, 2094.6, 655.2)
(8.20, 1768.6, 2290.3)
(1.67, 4520.6, 2102.7)
(8.35, 2507.7, 2658.6)
(2.47, 93.5, 2200.2)
(-6.34, 19.7, 3995.1)
(-6.55, 2367.0, 3625.2)
(1.13, 1629.6, 2591.2)
(1.11, 3920.6, 530.4)
(1.21, 1242.2, 1384.3)
(5.45, 2538.1, 2808.1)
(5.20, 4561.5, 2215.8)
(2.25, 2527.3, 2560.3)
(3.85, 2261.3, 2665.9)
(-2.44, 4706.6, 3495.4)
(7.53, 4710.0, 1297.7)
(1.19, 4715.4, 4199.2)
(-7.26, 608.0, 2210.1)
(-8.55, 1203.0, 365.5)
(3.39, 3918.9, 4484.2)
