4000x4000
(-9.70, 467.3, 362.5)
(9.48, 2685.6, 335.7)
(7.90, 69.7, 3945.8)
(-1.14, 2462.6, 594.1)
(2.65, 3380.5, 2011.8)
(8.92, 258.2, 2163.8)
(5.19, 2059.7, 183.8)
(8.42, 2577.9, 1923.7)
(4.20, 2621.3, 799.9)
(8.89, 3765.0, 282.3)
(-4.00, 2628.8, 668.3)
(-1.69, 655.8, 2228.8)
(-2.30, 3083.1, 3826.8)
(-2.27, 1816.1, 1664.6)
(6.96, 709.2, 618.1)
(9.59, 3115.9, 1857.5)
(-6.07, 1982.9, 2330.9)
(5.21, 3130.8, 1882.9)
(8.36, 1757.9, 3123.5)
(-8.33, 1099.9, 3109.9)
(4.75, 3755.4, 412.3)
(-8.57, 3270.1, 2624.9)
(-6.77, 432.5, 2799.8)
(-9.67, 3886.8, 3390.9)
(-9.85, 3173.5, 1786.2)
(-1.64, 856.4, 3577.2)
(8.23, 2026.4, 350.6)
(-9.40, 1222.2, 1842.9)
(6.26, 2754.6, 3797.1)
(1.91, 2818.7, 3548.5)
(-5.50, 3723.2, 820.1)
(-9.01, 698.6, 2337.5)
(-3.72, 2136.8, 1997.8)
(-7.96, 1334.7, 523.6)
(6.62, 3368.5, 278.9)
(3.93, 2672.3, 243.2)
(1.79, 3661.2, 159.6)
(-4.52, 828.3, 3290.5)
(-4.43, 2149.4, 3683.3)
(4.80, 3354.2, 371.4)
(-3.34, 1599.9, 2259.2)
(-5.73, 1096.6, 1189.5)
(-8.53, 209.9, 3508.8)
(-4.96, 661.1, 1231.4)
(-1.66, 1193.4, 3366.6)
(8.45, 1601.6, 1911.4)
(-3.53, 2620.3, 1385.6)
(-2.52, 3214.3, 1897.2)
(-1.25, 2642.2, 414.7)
(-4.30, 260.7, 559.9)
(-9.15, 3919.7, 3013.6)
(-9.96, 2725.4, 2331.7)
(-6.07, 2249.6, 2036.1)
(7.75, 2135.6, 2408.2)
(-4.06, 3654.9, 1831.7)
(1.76, 3295.7, 1028.3)
(2.23, 1577.8, 2657.9)
(1.40, 2665.7, 3961.7)
(-5.64, 3634.0, 3629.2)
(-8.60, 1045.4, 1941.8)
(-6.22, 2017.0, 2611.9)
(-8.30, 3449.4, 918.2)
(5.30, 3510.5, 2489.9)
(1.61, 2753.9, 3655.2)
(-7.79, 3411.9, 1305.7)
(-7.37, 163.5, 274.7)
(-4.32, 3544.4, 2415.6)
(1.64, 2492.4, 792.6)
(-9.46, 2358.5, 3907.9)
(1.27, 3312.6, 1705.2)
(-4.06, 2707.0, 2602.5)
(7.24, 3456.2, 1426.1)
(4.34, 298.6, 71.2)
(7.98, 2006.9, 529.9)
(9.19, 3753.0, 2398.9)
(-4.25, 1153.3, 1632.4)
(-4.31, 35.0, 1250.7)
(9.87, 2176.3, 141.6)
(-2.97, 2148.2, 1288.6)
(-4.27, 2847.9, 2570.1)
(5.11, 3506.5, 3867.6)
(-5.89, 955.9, 1774.5)
(8.51, 1415.1, 2966.3)
(-8.32, 2120.0, 3018.3)
(-6.28, 2056.8, 2896.1)
(-8.23, 2472.3, 2853.4)
(-5.76, 3335.4, 508.0)
(-8.06, 386.9, 2230.3)
(-8.27, 955.7, 2793.3)
(-4.02, 2845.3, 1419.6)
(5.93, 2421.5, 2702.3)
(-7.07, 1277.9, 1765.9)
(-5.72, 343.4, 789.6)
(-6.47, 690.4, 1085.7)
(-9.35, 117.5, 3882.4)
(3.84, 180.9, 3226.2)
(-3.34, 1359.5, 3917.8)
(9.37, 1502.6, 1577.8)
(-3.60, 3638.6, 2814.6)
(9.33, 624.2, 3682.1)
(-2.75, 2426.6, 1669.6)
(-8.69, 3239.0, 1739.8)
(-3.34, 1260.3, 3331.1)
(2.42, 3614.7, 630.4)
(-3.09, 2512.1, 824.9)
(9.26, 2199.0, 3118.8)
(7.46, 283.2, 977.4)
(-6.82, 1518.4, 3129.9)
(-3.14, 3328.8, 1308.8)
(-8.36, 3221.8, 2728.4)
(3.72, 3197.9, 2003.8)
(-2.29, 1712.6, 2109.6)
(9.33, 1953.5, 3204.1)
(-6.41, 3471.4, 3119.7)
(-4.88, 1114.8, 1261.6)
(-1.59, 920.9, 998.8)
(1.60, 3262.4, 3321.2)
(6.05, 3915.1, 3930.3)
(2.81, 3683.2, 1370.1)
(-7.10, 2717.7, 2073.2)
(4.12, 2563.9, 3370.7)
(-1.15, 3265.8, 945.4)
(-7.87, 1689.0, 1686.5)
(9.49, 3027.4, 3086.0)
(-8.02, 1221.6, 2362.6)
(1.18, 3694.0, 1808.8)
(8.71, 1580.5, 837.3)
(4.88, 3830.0, 711.8)
(2.57, 3649.1, 2883.1)
(8.08, 3213.9, 2050.1)
(-1.30, 2698.7, 115.0)
(-5.58, 2919.3, 70.7)
(-1.41, 121.7, 3015.9)
(8.95, 3407.4, 1959.4)
(-1.56, 973.3, 1835.4)
(-3.37, 2574.2, 1246.6)
(-9.04, 3335.2, 1304.0)
(6.66, 3650.2, 2801.3)
(-6.87, 3681.1, 1698.7)
(-4.91, 2478.0, 3476.8)
(9.60, 3332.4, 2935.5)
(-6.13, 3933.8, 2831.8)
(-1.34, 3782.7, 2096.8)
(-4.65, 2606.5, 2072.1)
(5.82, 1585.2, 1271.5)
(5.62, 2565.7, 1321.1)
(-7.53, 1048.1, 3480.3)
(-1.69, 3120.3, 3525.8)
(4.18, 431.6, 2656.1)
(7.31, 3683.9, 165.9)
(-5.52, 1241.4, 3749.2)
(-1.29, 3460.1, 1370.6)
(2.91, 3741.8, 3103.1)
(1.15, 111.7, 1190.1)
(-6.50, 2438.1, 72.2)
(5.10, 314.7, 2590.2)
(-4.18, 2781.1, 124.9)
(-2.20, 2821.2, 503.6)
(1.56, 126.4, 1358.6)
(6.52, 2012.1, 3792.3)
(-4.92, 3354.4, 1681.5)
(3.83, 2497.4, 2297.4)
(7.38, 2499.4, 2803.3)
(-6.90, 2003.0, 1903.8)
(-6.18, 2279.3, 1038.7)
(-4.22, 2466.0, 995.3)
(-2.51, 234.2, 1677.7)
(-8.80, 2549.4, 3121.6)
(8.09, 788.9, 1225.8)
(-5.28, 2608.1, 2704.7)
(-8.22, 3985.9, 2243.8)
(-4.46, 3742.3, 1781.9)
(-5.67, 1027.6, 3156.2)
(9.71, 1611.5, 1460.0)
(-4.84, 3293.7, 1633.9)
(3.54, 1816.7, 1435.4)
(5.58, 248.8, 2271.4)
(6.27, 947.9, 1217.6)
(-4.35, 893.2, 2220.4)
(9.00, 2501.0, 3240.9)
(-7.48, 705.0, 1797.7)
(-7.84, 363.5, 2090.6)
(8.73, 232.0, 1203.6)
(2.91, 1644.4, 2475.4)
(1.64, 3906.5, 3480.0)
(-4.36, 722.5, 2153.9)
(7.97, 3775.3, 2302.6)
(-7.89, 383.8, 3980.2)
(9.75, 459.4, 586.1)
(-2.17, 1481.2, 421.2)
(6.06, 3116.7, 823.8)
(-3.82, 2451.2, 2916.1)
(-7.17, 2535.4, 1796.0)
(1.57, 820.1, 1202.5)
(-7.68, 3936.5, 2102.3)
(-7.59, 3781.2, 3232.9)
(-2.50, 2433.6, 157.8)
(-4.09, 2444.1, 1818.2)
(2.11, 3030.6, 1179.0)
(4.76, 2841.7, 545.5)
(-4.54, 3886.8, 1506.0)
(4.66, 2503.6, 2769.7)
(5.77, 2329.7, 2075.8)
(-4.28, 163.4, 239.5)
(7.15, 2476.6, 2693.5)
(8.78, 1539.2, 2024.7)
(7.86, 1020.1, 1192.3)
(8.11, 302.6, 2446.0)
(-4.00, 1696.1, 3973.9)
(-9.83, 1666.8, 3538.6)
(7.71, 832.1, 799.2)
(-3.45, 2121.9, 2562.0)
(-5.22, 1732.3, 59.4)
(8.89, 2385.4, 1628.6)
(2.51, 1787.9, 3955.7)
(9.11, 906.2, 381.1)
(-1.08, 3636.7, 3217.3)
(1.23, 2929.3, 1352.0)
(9.33, 368.9, 3560.2)
(8.74, 1612.7, 1587.9)
(8.40, 2936.8, 2648.4)
(-8.40, 231.3, 3571.5)
(-5.90, 2648.3, 1778.0)
(-9.73, 2044.2, 1451.4)
(-5.55, 2753.0, 3992.7)
(3.58, 3441.8, 1073.5)
(-4.24, 1298.3, 421.7)
(2.67, 1096.6, 3420.4)
(-9.18, 2011.5, 2355.0)
(3.45, 1913.2, 1289.9)
(5.78, 3788.9, 219.4)
(1.28, 383.8, 3241.8)
(-7.93, 3418.9, 3215.8)
(7.33, 2376.4, 3702.1)
(5.89, 3054.2, 2601.4)
(-4.14, 3545.4, 3538.0)
(-5.34, 3736.9, 1700.7)
(-2.76, 718.8, 2079.2)
(4.86, 1164.0, 3076.9)
(5.53, 3290.0, 1368.7)
(1.86, 1954.2, 1990.7)
(-7.23, 1163.9, 1677.8)
(-3.02, 2581.4, 3128.9)
(-5.48, 2756.9, 2122.8)
(3.92, 991.1, 3930.2)
(5.86, 1596.0, 472.3)
(9.21, 243.4, 2314.4)
(4.49, 1589.8, 3075.1)
(2.66, 778.7, 987.1)
(2.11, 3044.2, 1105.0)
(2.85, 2273.5, 1182.5)
(-3.84, 2524.5, 675.5)
(-2.32, 1972.9, 2520.1)
(-2.52, 3220.3, 1323.3)
(2.57, 446.5, 2101.2)
(-7.08, 2549.3, 1137.4)
(-9.81, 322.5, 1581.6)
(4.58, 770.2, 3837.5)
(8.62, 544.5, 547.0)
(-9.69, 1092.1, 991.5)
(9.63, 279.1, 1230.1)
(6.43, 3842.3, 375.9)
(-1.20, 2870.5, 920.7)
(2.68, 443.8, 3017.5)
(4.07, 1466.8, 560.4)
(5.02, 3833.5, 1698.5)
(2.00, 1786.4, 2069.1)
(2.25, 3206.7, 825.3)
(9.57, 2456.0, 100.1)
(4.11, 6.1, 3424.5)
(1.41, 2625.3, 3522.1)
(7.26, 3139.3, 324.0)
(-8.66, 1441.9, 1023.9)
(-7.17, 1555.7, 524.8)
(1.29, 2130.6, 147.2)
(-2.37, 3098.3, 1867.7)
(-7.40, 2315.0, 3361.0)
(8.46, 1744.3, 1204.6)
(3.82, 321.3, 2944.7)
(6.37, 3798.9, 3985.0)
(-5.71, 1789.4, 2428.6)
(7.88, 2961.1, 3205.8)
(-9.76, 3972.3, 2401.5)
(-6.95, 3789.2, 1207.4)
(-8.93, 1487.6, 394.2)
(-9.02, 3624.1, 3361.8)
(1.85, 2458.1, 2423.8)
(-7.09, 1998.0, 3036.5)
(9.42, 1517.6, 1418.6)
(4.04, 1408.6, 2323.7)
(-3.48, 903.6, 3549.1)
(7.33, 1996.2, 3528.0)
(6.31, 2723.2, 1036.0)
(6.02, 127.4, 2166.6)
(-7.75, 1477.3, 1592.9)
(-8.65, 957.2, 3719.3)
(-8.13, 1906.8, 2068.4)
(-6.18, 2011.7, 3002.0)
(-3.53, 2022.5, 1623.4)
(-9.61, 3763.1, 2757.5)
(2.45, 3843.3, 3533.1)
(9.43, 1374.4, 2367.6)
(5.77, 1175.4, 2464.2)
(-5.91, 3283.2, 1697.9)
(8.10, 512.9, 1611.2)
(-8.12, 3337.3, 1040.8)
(-9.13, 3334.9, 3544.1)
(4.83, 3214.0, 1146.4)
(-7.99, 307.6, 1095.3)
(9.54, 3807.9, 1110.5)
(7.23, 3078.0, 3170.7)
(-6.90, 1572.3, 3113.6)
(-1.42, 1276.7, 1184.2)
(4.18, 1589.8, 2002.2)
(-2.27, 2566.9, 1690.6)
(5.38, 1833.1, 3287.1)
(-2.57, 3239.5, 283.4)
(4.97, 292.2, 1025.5)
(6.87, 1745.9, 120.5)
(5.85, 798.9, 3416.7)
(-3.66, 2653.7, 966.0)
(6.62, 3877.1, 1027.0)
(-6.12, 392.3, 2288.5)
(8.93, 120.5, 1387.2)
(2.24, 1632.6, 2708.5)
(-3.96, 620.2, 1974.1)
(-7.19, 1395.0, 1408.7)
(-7.36, 488.5, 1849.3)
(3.40, 876.2, 3821.8)
(-9.88, 3842.3, 3912.7)
(5.99, 1930.8, 1505.9)
(8.26, 2335.7, 2042.9)
(2.41, 2951.9, 425.2)
(3.86, 2874.1, 2351.4)
(-7.27, 1999.0, 2861.0)
(3.31, 2101.2, 2270.7)
(4.51, 1993.1, 2162.2)
(5.54, 653.9, 2847.5)
(3.96, 311.4, 2670.3)
(-1.64, 1381.5, 3004.6)
(9.24, 45.3, 3589.9)
(9.32, 628.5, 546.5)
(5.57, 2203.2, 70.0)
(8.52, 3270.9, 3960.9)
(4.81, 2075.9, 1413.9)
(-5.57, 3074.3, 620.4)
(-4.86, 3409.7, 2130.3)
(1.82, 2640.1, 2207.9)
(-2.32, 793.5, 1518.6)
(2.27, 1790.2, 3942.0)
(-5.48, 420.9, 2311.1)
(7.64, 477.3, 556.3)
(-5.53, 1559.4, 1343.2)
(2.76, 364.9, 159.9)
(-9.38, 3509.2, 1749.2)
(-4.77, 3120.0, 1188.0)
(-2.46, 3395.6, 2105.1)
(9.20, 2448.1, 413.0)
(-6.18, 3446.9, 1578.2)
(4.82, 3146.7, 1171.5)
(8.03, 2584.6, 3066.4)
(7.36, 3285.2, 142.3)
(-9.36, 1952.3, 1029.4)
(4.33, 427.1, 136.4)
(-8.36, 1285.7, 1732.9)
(7.47, 3112.4, 2689.3)
(10.00, 2001.6, 1733.0)
(1.00, 430.6, 3191.3)
(4.91, 3427.6, 3445.3)
(-6.74, 3895.2, 1881.9)
(1.42, 452.0, 2836.7)
(-3.36, 3339.1, 1841.2)
(-7.48, 2610.8, 2600.9)
(-7.14, 3806.2, 3990.1)
(5.52, 3265.1, 261.1)
(-1.18, 50.3, 175.8)
(-7.83, 2815.3, 735.0)
(9.77, 169.6, 1920.6)
(5.86, 1110.9, 3938.0)
(-2.52, 72.9, 1826.9)
(7.29, 515.0, 2764.9)
(5.39, 3204.3, 3786.1)
(-5.17, 803.3, 2934.1)
(-2.53, 2333.0, 341.3)
(-3.71, 1895.1, 2092.1)
(-3.61, 318.0, 1189.2)
(-6.12, 2567.5, 3753.0)
(2.71, 1670.8, 2333.0)
(-3.45, 1482.8, 3811.6)
(-2.34, 786.8, 812.1)
(6.14, 3077.7, 3720.9)
(-8.35, 3264.1, 291.5)
(9.51, 1712.2, 3244.5)
(-6.47, 3771.6, 3553.9)
(8.73, 2687.0, 2992.7)
(-1.77, 216.5, 2285.4)
(3.80, 860.8, 985.0)
(-5.12, 3115.6, 898.1)
(-7.46, 3613.1, 3848.0)
(5.69, 489.7, 1753.9)
