4000x4000
(-9.70, 467.3, 362.5)
(9.48, 2685.6, 335.7)
(7.90, 69.7, 3945.8)
(-1.14, 2462.6, 594.1)
(2.65, 3380.5, 2011.8)
(8.92, 258.2, 2163.8)
(5.19, 2059.7, 183.8)
(8.42, 2577.9, 1923.7)
(4.20, 2621.3, 799.9)
(8.89, 3765.0, 282.3)
(-4.00, 2628.8, 668.3)
(-1.69, 655.8, 2228.8)
(-2.30, 3083.1, 3826.8)
(-2.27, 1816.1, 1664.6)
(6.96, 709.2, 618.1)
(9.59, 3115.9, 1857.5)
(-6.07, 1982.9, 2330.9)
(5.21, 3130.8, 1882.9)
(8.36, 1757.9, 3123.5)
(-8.33, 1099.9, 3109.9)
(4.75, 3755.4, 412.3)
(-8.57, 3270.1, 2624.9)
(-6.77, 432.5, 2799.8)
(-9.67, 3886.8, 3390.9)
(-9.85, 3173.5, 1786.2)
(-1.64, 856.4, 3577.2)
(8.23, 2026.4, 350.6)
(-9.40, 1222.2, 1842.9)
(6.26, 2754.6, 3797.1)
(1.91, 2818.7, 3548.5)
(-5.50, 3723.2, 820.1)
(-9.01, 698.6, 2337.5)
(-3.72, 2136.8, 1997.8)
(-7.96, 1334.7, 523.6)
(6.62, 3368.5, 278.9)
(3.93, 2672.3, 243.2)
(1.79, 3661.2, 159.6)
(-4.52, 828.3, 3290.5)
(-4.43, 2149.4, 3683.3)
(4.80, 3354.2, 371.4)
(-3.34, 1599.9, 2259.2)
(-5.73, 1096.6, 1189.5)
(-8.53, 209.9, 3508.8)
(-4.96, 661.1, 1231.4)
(-1.66, 1193.4, 3366.6)
(8.45, 1601.6, 1911.4)
(-3.53, 2620.3, 1385.6)
(-2.52, 3214.3, 1897.2)
(-1.25, 2642.2, 414.7)
(-4.30, 260.7, 559.9)
(-9.15, 3919.7, 3013.6)
(-9.96, 2725.4, 2331.7)
(-6.07, 2249.6, 2036.1)
(7.75, 2135.6, 2408.2)
(-4.06, 3654.9, 1831.7)
(1.76, 3295.7, 1028.3)
(2.23, 1577.8, 2657.9)
(1.40, 2665.7, 3961.7)
(-5.64, 3634.0, 3629.2)
(-8.60, 1045.4, 1941.8)
(-6.22, 2017.0, 2611.9)
(-8.30, 3449.4, 918.2)
(5.30, 3510.5, 2489.9)
(1.61, 2753.9, 3655.2)
(-7.79, 3411.9, 1305.7)
(-7.37, 163.5, 274.7)
(-4.32, 3544.4, 2415.6)
(1.64, 2492.4, 792.6)
(-9.46, 2358.5, 3907.9)
(1.27, 3312.6, 1705.2)
(-4.06, 2707.0, 2602.5)
(7.24, 3456.2, 1426.1)
(4.34, 298.6, 71.2)
(7.98, 2006.9, 529.9)
(9.19, 3753.0, 2398.9)
(-4.25, 1153.3, 1632.4)
(-4.31, 35.0, 1250.7)
(9.87, 2176.3, 141.6)
(-2.97, 2148.2, 1288.6)
(-4.27, 2847.9, 2570.1)
(5.11, 3506.5, 3867.6)
(-5.89, 955.9, 1774.5)
(8.51, 1415.1, 2966.3)
(-8.32, 2120.0, 3018.3)
(-6.28, 2056.8, 2896.1)
(-8.23, 2472.3, 2853.4)
(-5.76, 3335.4, 508.0)
(-8.06, 386.9, 2230.3)
(-8.27, 955.7, 2793.3)
(-4.02, 2845.3, 1419.6)
(5.93, 2421.5, 2702.3)
(-7.07, 1277.9, 1765.9)
(-5.72, 343.4, 789.6)
(-6.47, 690.4, 1085.7)
(-9.35, 117.5, 3882.4)
(3.84, 180.9, 3226.2)
(-3.34, 1359.5, 3917.8)
(9.37, 1502.6, 1577.8)
(-3.60, 3638.6, 2814.6)
(9.33, 624.2, 3682.1)
(-2.75, 2426.6, 1669.6)
(-8.69, 3239.0, 1739.8)
(-3.34, 1260.3, 3331.1)
(2.42, 3614.7, 630.4)
(-3.09, 2512.1, 824.9)
(9.26, 2199.0, 3118.8)
(7.46, 283.2, 977.4)
(-6.82, 1518.4, 3129.9)
(-3.14, 3328.8, 1308.8)
(-8.36, 3221.8, 2728.4)
(3.72, 3197.9, 2003.8)
(-2.29, 1712.6, 2109.6)
(9.33, 1953.5, 3204.1)
(-6.41, 3471.4, 3119.7)
(-4.88, 1114.8, 1261.6)
(-1.59, 920.9, 998.8)
(1.60, 3262.4, 3321.2)
(6.05, 3915.1, 3930.3)
(2.81, 3683.2, 1370.1)
(-7.10, 2717.7, 2073.2)
(4.12, 2563.9, 3370.7)
(-1.15, 3265.8, 945.4)
(-7.87, 1689.0, 1686.5)
(9.49, 3027.4, 3086.0)
(-8.02, 1221.6, 2362.6)
(1.18, 3694.0, 1808.8)
(8.71, 1580.5, 837.3)
(4.88, 3830.0, 711.8)
(2.57, 3649.1, 2883.1)
(8.08, 3213.9, 2050.1)
(-1.30, 2698.7, 115.0)
(-5.58, 2919.3, 70.7)
(-1.41, 121.7, 3015.9)
(8.95, 3407.4, 1959.4)
(-1.56, 973.3, 1835.4)
(-3.37, 2574.2, 1246.6)
(-9.04, 3335.2, 1304.0)
(6.66, 3650.2, 2801.3)
(-6.87, 3681.1, 1698.7)
(-4.91, 2478.0, 3476.8)
(9.60, 3332.4, 2935.5)
(-6.13, 3933.8, 2831.8)
(-1.34, 3782.7, 2096.8)
(-4.65, 2606.5, 2072.1)
(5.82, 1585.2, 1271.5)
(5.62, 2565.7, 1321.1)
(-7.53, 1048.1, 3480.3)
(-1.69, 3120.3, 3525.8)
(4.18, 431.6, 2656.1)
(7.31, 3683.9, 165.9)
(-5.52, 1241.4, 3749.2)
(-1.29, 3460.1, 1370.6)
(2.91, 3741.8, 3103.1)
(1.15, 111.7, 1190.1)
(-6.50, 2438.1, 72.2)
(5.10, 314.7, 2590.2)
(-4.18, 2781.1, 124.9)
(-2.20, 2821.2, 503.6)
(1.56, 126.4, 1358.6)
(6.52, 2012.1, 3792.3)
(-4.92, 3354.4, 1681.5)
(3.83, 2497.4, 2297.4)
(7.38, 2499.4, 2803.3)
(-6.90, 2003.0, 1903.8)
(-6.18, 2279.3, 1038.7)
(-4.22, 2466.0, 995.3)
(-2.51, 234.2, 1677.7)
(-8.80, 2549.4, 3121.6)
(8.09, 788.9, 1225.8)
(-5.28, 2608.1, 2704.7)
(-8.22, 3985.9, 2243.8)
(-4.46, 3742.3, 1781.9)
(-5.67, 1027.6, 3156.2)
(9.71, 1611.5, 1460.0)
(-4.84, 3293.7, 1633.9)
(3.54, 1816.7, 1435.4)
(5.58, 248.8, 2271.4)
(6.27, 947.9, 1217.6)
(-4.35, 893.2, 2220.4)
(9.00, 2501.0, 3240.9)
(-7.48, 705.0, 1797.7)
(-7.84, 363.5, 2090.6)
(8.73, 232.0, 1203.6)
(2.91, 1644.4, 2475.4)
(1.64, 3906.5, 3480.0)
(-4.36, 722.5, 2153.9)
(7.97, 3775.3, 2302.6)
(-7.89, 383.8, 3980.2)
(9.75, 459.4, 586.1)
(-2.17, 1481.2, 421.2)
(6.06, 3116.7, 823.8)
(-3.82, 2451.2, 2916.1)
(-7.17, 2535.4, 1796.0)
(1.57, 820.1, 1202.5)
(-7.68, 3936.5, 2102.3)
(-7.59, 3781.2, 3232.9)
(-2.50, 2433.6, 157.8)
(-4.09, 2444.1, 1818.2)
(2.11, 3030.6, 1179.0)
(4.76, 2841.7, 545.5)
