4000x4000
(-9.70, 467.3, 362.5)
(9.48, 2685.6, 335.7)
(7.90, 69.7, 3945.8)
(-1.14, 2462.6, 594.1)
(2.65, 3380.5, 2011.8)
(8.92, 258.2, 2163.8)
(5.19, 2059.7, 183.8)
(8.42, 2577.9, 1923.7)
(4.20, 2621.3, 799.9)
(8.89, 3765.0, 282.3)
(-4.00, 2628.8, 668.3)
(-1.69, 655.8, 2228.8)
(-2.30, 3083.1, 3826.8)
(-2.27, 1816.1, 1664.6)
(6.96, 709.2, 618.1)
(9.59, 3115.9, 1857.5)
(-6.07, 1982.9, 2330.9)
(5.21, 3130.8, 1882.9)
(8.36, 1757.9, 3123.5)
(-8.33, 1099.9, 3109.9)
(4.75, 3755.4, 412.3)
(-8.57, 3270.1, 2624.9)
(-6.77, 432.5, 2799.8)
(-9.67, 3886.8, 3390.9)
(-9.85, 3173.5, 1786.2)
(-1.64, 856.4, 3577.2)
(8.23, 2026.4, 350.6)
(-9.40, 1222.2, 1842.9)
(6.26, 2754.6, 3797.1)
(1.91, 2818.7, 3548.5)
(-5.50, 3723.2, 820.1)
(-9.01, 698.6, 2337.5)
(-3.72, 2136.8, 1997.8)
(-7.96, 1334.7, 523.6)
(6.62, 3368.5, 278.9)
(3.93, 2672.3, 243.2)
(1.79, 3661.2, 159.6)
(-4.52, 828.3, 3290.5)
(-4.43, 2149.4, 3683.3)
(4.80, 3354.2, 371.4)
(-3.34, 1599.9, 2259.2)
(-5.73, 1096.6, 1189.5)
(-8.53, 209.9, 3508.8)
(-4.96, 661.1, 1231.4)
(-1.66, 1193.4, 3366.6)
(8.45, 1601.6, 1911.4)
(-3.53, 2620.3, 1385.6)
(-2.52, 3214.3, 1897.2)
(-1.25, 2642.2, 414.7)
(-4.30, 260.7, 559.9)
(-9.15, 3919.7, 3013.6)
(-9.96, 2725.4, 2331.7)
(-6.07, 2249.6, 2036.1)
(7.75, 2135.6, 2408.2)
(-4.06, 3654.9, 1831.7)
(1.76, 3295.7, 1028.3)
(2.23, 1577.8, 2657.9)
(1.40, 2665.7, 3961.7)
(-5.64, 3634.0, 3629.2)
(-8.60, 1045.4, 1941.8)
(-6.22, 2017.0, 2611.9)
(-8.30, 3449.4, 918.2)
(5.30, 3510.5, 2489.9)
(1.61, 2753.9, 3655.2)
(-7.79, 3411.9, 1305.7)
(-7.37, 163.5, 274.7)
(-4.32, 3544.4, 2415.6)
(1.64, 2492.4, 792.6)
(-9.46, 2358.5, 3907.9)
(1.27, 3312.6, 1705.2)
(-4.06, 2707.0, 2602.5)
(7.24, 3456.2, 1426.1)
(4.34, 298.6, 71.2)
(7.98, 2006.9, 529.9)
(9.19, 3753.0, 2398.9)
(-4.25, 1153.3, 1632.4)
(-4.31, 35.0, 1250.7)
(9.87, 2176.3, 141.6)
(-2.97, 2148.2, 1288.6)
(-4.27, 2847.9, 2570.1)
(5.11, 3506.5, 3867.6)
(-5.89, 955.9, 1774.5)
(8.51, 1415.1, 2966.3)
(-8.32, 2120.0, 3018.3)
(-6.28, 2056.8, 2896.1)
(-8.23, 2472.3, 2853.4)
(-5.76, 3335.4, 508.0)
(-8.06, 386.9, 2230.3)
(-8.27, 955.7, 2793.3)
(-4.02, 2845.3, 1419.6)
(5.93, 2421.5, 2702.3)
(-7.07, 1277.9, 1765.9)
(-5.72, 343.4, 789.6)
(-6.47, 690.4, 1085.7)
(-9.35, 117.5, 3882.4)
(3.84, 180.9, 3226.2)
(-3.34, 1359.5, 3917.8)
(9.37, 1502.6, 1577.8)
(-3.60, 3638.6, 2814.6)
(9.33, 624.2, 3682.1)
