4000x4000
(-9.70, 467.3, 362.5)
(9.48, 2685.6, 335.7)
(7.90, 69.7, 3945.8)
(-1.14, 2462.6, 594.1)
(2.65, 3380.5, 2011.8)
(8.92, 258.2, 2163.8)
(5.19, 2059.7, 183.8)
(8.42, 2577.9, 1923.7)
(4.20, 2621.3, 799.9)
(8.89, 3765.0, 282.3)
(-4.00, 2628.8, 668.3)
(-1.69, 655.8, 2228.8)
(-2.30, 3083.1, 3826.8)
(-2.27, 1816.1, 1664.6)
(6.96, 709.2, 618.1)
(9.59, 3115.9, 1857.5)
(-6.07, 1982.9, 2330.9)
(5.21, 3130.8, 1882.9)
(8.36, 1757.9, 3123.5)
(-8.33, 1099.9, 3109.9)
(4.75, 3755.4, 412.3)
(-8.57, 3270.1, 2624.9)
(-6.77, 432.5, 2799.8)
(-9.67, 3886.8, 3390.9)
(-9.85, 3173.5, 1786.2)
(-1.64, 856.4, 3577.2)
(8.23, 2026.4, 350.6)
(-9.40, 1222.2, 1842.9)
(6.26, 2754.6, 3797.1)
(1.91, 2818.7, 3548.5)
(-5.50, 3723.2, 820.1)
(-9.01, 698.6, 2337.5)
(-3.72, 2136.8, 1997.8)
(-7.96, 1334.7, 523.6)
(6.62, 3368.5, 278.9)
(3.93, 2672.3, 243.2)
(1.79, 3661.2, 159.6)
(-4.52, 828.3, 3290.5)
(-4.43, 2149.4, 3683.3)
(4.80, 3354.2, 371.4)
(-3.34, 1599.9, 2259.2)
(-5.73, 1096.6, 1189.5)
(-8.53, 209.9, 3508.8)
(-4.96, 661.1, 1231.4)
(-1.66, 1193.4, 3366.6)
(8.45, 1601.6, 1911.4)
(-3.53, 2620.3, 1385.6)
(-2.52, 3214.3, 1897.2)
(-1.25, 2642.2, 414.7)
(-4.30, 260.7, 559.9)
