2000x2000
(-9.70, 233.6, 181.2)
(9.48, 1342.5, 167.8)
(7.90, 34.8, 1972.4)
(-1.14, 1231.0, 297.0)
(2.65, 1689.9, 1005.7)
(8.92, 129.1, 1081.6)
(5.19, 1029.6, 91.9)
(8.42, 1288.6, 961.6)
(4.20, 1310.3, 399.9)
(8.89, 1882.0, 141.1)
(-4.00, 1314.1, 334.1)
(-1.69, 327.8, 1114.1)
(-2.30, 1541.2, 1912.9)
(-2.27, 907.8, 832.1)
(6.96, 354.5, 309.0)
(9.59, 1557.6, 928.5)
(-6.07, 991.2, 1165.1)
(5.21, 1565.0, 941.2)
(8.36, 878.8, 1561.3)
(-8.33, 549.8, 1554.6)
(4.75, 1877.3, 206.1)
(-8.57, 1634.7, 1312.1)
(-6.77, 216.2, 1399.6)
(-9.67, 1942.9, 1695.0)
(-9.85, 1586.3, 892.9)
(-1.64, 428.1, 1788.2)
(8.23, 1012.9, 175.2)
(-9.40, 610.9, 921.2)
(6.26, 1377.0, 1898.1)
(1.91, 1409.0, 1773.8)
(-5.50, 1861.1, 410.0)
(-9.01, 349.2, 1168.4)
(-3.72, 1068.1, 998.7)
(-7.96, 667.2, 261.7)
(6.62, 1683.8, 139.4)
(3.93, 1335.8, 121.6)
(1.79, 1830.1, 79.8)
(-4.52, 414.0, 1644.9)
(-4.43, 1074.4, 1841.2)
(4.80, 1676.7, 185.6)
(-3.34, 799.7, 1129.3)
(-5.73, 548.2, 594.6)
(-8.53, 104.9, 1754.0)
(-4.96, 330.5, 615.5)
(-1.66, 596.5, 1682.9)
(8.45, 800.6, 955.4)
(-3.53, 1309.8, 692.6)
(-2.52, 1606.8, 948.4)
(-1.25, 1320.8, 207.3)
(-4.30, 130.3, 279.9)
(-9.15, 1959.4, 1506.4)
(-9.96, 1362.4, 1165.6)
(-6.07, 1124.5, 1017.8)
(7.75, 1067.5, 1203.8)
(-4.06, 1827.0, 915.6)
(1.76, 1647.5, 514.0)
(2.23, 788.7, 1328.6)
(1.40, 1332.5, 1980.3)
(-5.64, 1816.6, 1814.2)
(-8.60, 522.6, 970.7)
(-6.22, 1008.2, 1305.6)
(-8.30, 1724.3, 459.0)
(5.30, 1754.8, 1244.6)
(1.61, 1376.6, 1827.1)
(-7.79, 1705.5, 652.7)
(-7.37, 81.7, 137.3)
(-4.32, 1771.7, 1207.5)
(1.64, 1245.9, 396.2)
(-9.46, 1179.0, 1953.4)
(1.27, 1655.9, 852.4)
(-4.06, 1353.2, 1300.9)
(7.24, 1727.6, 712.9)
(4.34, 149.3, 35.6)
(7.98, 1003.2, 264.9)
(9.19, 1876.0, 1199.2)
(-4.25, 576.5, 816.0)
(-4.31, 17.5, 625.2)
(9.87, 1087.9, 70.8)
(-2.97, 1073.9, 644.2)
(-4.27, 1423.6, 1284.7)
(5.11, 1752.8, 1933.3)
(-5.89, 477.8, 887.0)
(8.51, 707.4, 1482.8)
(-8.32, 1059.7, 1508.8)
(-6.28, 1028.2, 1447.7)
(-8.23, 1235.8, 1426.3)
(-5.76, 1667.3, 254.0)
(-8.06, 193.4, 1114.9)
(-8.27, 477.7, 1396.3)
(-4.02, 1422.3, 709.6)
(5.93, 1210.5, 1350.8)
(-7.07, 638.8, 882.7)
(-5.72, 171.7, 394.7)
(-6.47, 345.1, 542.7)
(-9.35, 58.7, 1940.7)
(3.84, 90.4, 1612.7)
(-3.34, 679.6, 1958.4)
(9.37, 751.1, 788.7)
(-3.60, 1818.8, 1406.9)
(9.33, 312.0, 1840.6)
