3000x3000
(-9.70, 350.4, 271.8)
(9.48, 2014.0, 251.7)
(7.90, 52.3, 2959.1)
(-1.14, 1846.8, 445.5)
(2.65, 2535.2, 1508.7)
(8.92, 193.6, 1622.7)
(5.19, 1544.6, 137.8)
(8.42, 1933.3, 1442.6)
(4.20, 1965.8, 599.9)
(8.89, 2823.5, 211.7)
(-4.00, 1971.4, 501.2)
(-1.69, 491.8, 1671.4)
(-2.30, 2312.2, 2869.8)
(-2.27, 1362.0, 1248.3)
(6.96, 531.9, 463.6)
(9.59, 2336.7, 1393.0)
(-6.07, 1487.1, 1748.0)
(5.21, 2347.9, 1412.0)
(8.36, 1318.3, 2342.4)
(-8.33, 824.8, 2332.2)
(4.75, 2816.3, 309.2)
(-8.57, 2452.4, 1968.5)
(-6.77, 324.4, 2099.7)
(-9.67, 2914.8, 2542.9)
(-9.85, 2379.9, 1339.6)
(-1.64, 642.2, 2682.7)
(8.23, 1519.6, 262.9)
(-9.40, 916.6, 1382.0)
(6.26, 2065.8, 2847.6)
(1.91, 2113.9, 2661.2)
(-5.50, 2792.1, 615.0)
(-9.01, 523.9, 1753.0)
(-3.72, 1602.5, 1498.3)
(-7.96, 1000.9, 392.7)
(6.62, 2526.2, 209.2)
(3.93, 2004.1, 182.4)
(1.79, 2745.7, 119.7)
(-4.52, 621.1, 2467.7)
(-4.43, 1611.9, 2762.3)
(4.80, 2515.5, 278.5)
(-3.34, 1199.8, 1694.3)
(-5.73, 822.4, 892.0)
(-8.53, 157.4, 2631.4)
(-4.96, 495.8, 923.4)
(-1.66, 895.0, 2524.8)
(8.45, 1201.1, 1433.4)
(-3.53, 1965.0, 1039.1)
(-2.52, 2410.5, 1422.8)
(-1.25, 1981.5, 311.0)
(-4.30, 195.5, 419.9)
(-9.15, 2939.5, 2260.0)
(-9.96, 2043.9, 1748.6)
(-6.07, 1687.0, 1527.0)
(7.75, 1601.6, 1806.0)
(-4.06, 2741.0, 1373.6)
(1.76, 2471.6, 771.2)
(2.23, 1183.2, 1993.3)
(1.40, 1999.1, 2971.0)
(-5.64, 2725.3, 2721.7)
(-8.60, 784.0, 1456.2)
(-6.22, 1512.6, 1958.8)
(-8.30, 2586.8, 688.6)
(5.30, 2632.7, 1867.3)
(1.61, 2065.3, 2741.2)
(-7.79, 2558.7, 979.2)
(-7.37, 122.6, 206.0)
(-4.32, 2658.0, 1811.5)
(1.64, 1869.1, 594.4)
(-9.46, 1768.8, 2930.7)
(1.27, 2484.2, 1278.8)
(-4.06, 2030.1, 1951.7)
(7.24, 2591.9, 1069.5)
(4.34, 223.9, 53.4)
(7.98, 1505.1, 397.4)
(9.19, 2814.5, 1799.0)
(-4.25, 864.9, 1224.2)
(-4.31, 26.2, 937.9)
(9.87, 1632.1, 106.2)
(-2.97, 1611.1, 966.4)
(-4.27, 2135.7, 1927.4)
(5.11, 2629.6, 2900.5)
(-5.89, 716.8, 1330.8)
(8.51, 1061.2, 2224.6)
(-8.32, 1589.8, 2263.5)
(-6.28, 1542.5, 2171.9)
(-8.23, 1854.1, 2139.8)
(-5.76, 2501.3, 381.0)
(-8.06, 290.2, 1672.6)
(-8.27, 716.7, 2094.8)
(-4.02, 2133.8, 1064.6)
(5.93, 1816.0, 2026.6)
(-7.07, 958.3, 1324.3)
(-5.72, 257.5, 592.2)
(-6.47, 517.8, 814.2)
(-9.35, 88.1, 2911.5)
(3.84, 135.7, 2419.4)
(-3.34, 1019.5, 2938.1)
(9.37, 1126.9, 1183.3)
(-3.60, 2728.7, 2110.8)
(9.33, 468.1, 2761.4)
