11000x11000
(-9.70, 1285.2, 997.0)
(9.48, 7386.5, 923.2)
(7.90, 191.7, 10852.6)
(-1.14, 6773.4, 1634.0)
(2.65, 9298.0, 5533.4)
(8.92, 710.1, 5951.4)
(5.19, 5665.0, 505.6)
(8.42, 7090.3, 5290.9)
(4.20, 7209.6, 2200.2)
(8.89, 10355.3, 776.4)
(-4.00, 7230.2, 1838.1)
(-1.69, 1803.9, 6130.1)
(-2.30, 8480.0, 10525.3)
(-2.27, 4995.1, 4578.3)
(6.96, 1950.6, 1700.1)
(9.59, 8570.1, 5109.1)
(-6.07, 5453.9, 6410.9)
(5.21, 8611.0, 5178.8)
(8.36, 4835.1, 8590.9)
(-8.33, 3025.2, 8553.6)
(4.75, 10329.1, 1133.9)
(-8.57, 8994.3, 7219.7)
(-6.77, 1189.6, 7700.8)
(-9.67, 10690.3, 9326.3)
(-9.85, 8728.4, 4912.9)
(-1.64, 2355.4, 9839.0)
(8.23, 5573.4, 964.3)
(-9.40, 3361.6, 5068.7)
(6.26, 7576.5, 10443.6)
(1.91, 7752.8, 9760.0)
(-5.50, 10240.3, 2255.7)
(-9.01, 1921.4, 6429.0)
(-3.72, 5877.2, 5495.0)
(-7.96, 3671.0, 1440.1)
(6.62, 9264.9, 767.2)
(3.93, 7350.0, 669.0)
(1.79, 10069.9, 439.0)
(-4.52, 2278.1, 9050.4)
(-4.43, 5911.8, 10130.8)
(4.80, 9225.6, 1021.5)
(-3.34, 4400.3, 6213.8)
(-5.73, 3016.2, 3271.6)
(-8.53, 577.4, 9650.9)
(-4.96, 1818.4, 3386.8)
(-1.66, 3282.3, 9259.7)
(8.45, 4405.2, 5257.1)
(-3.53, 7206.8, 3811.0)
(-2.52, 8840.8, 5218.2)
(-1.25, 7267.1, 1140.7)
(-4.30, 717.1, 1540.1)
(-9.15, 10780.9, 8288.6)
(-9.96, 7496.1, 6413.2)
(-6.07, 6187.3, 5600.3)
(7.75, 5873.8, 6623.6)
(-4.06, 10052.7, 5037.9)
(1.76, 9064.7, 2828.4)
(2.23, 4339.6, 7310.4)
(1.40, 7331.9, 10896.3)
(-5.64, 9995.2, 9982.0)
(-8.60, 2875.4, 5340.8)
(-6.22, 5547.6, 7183.9)
(-8.30, 9487.3, 2525.4)
(5.30, 9655.5, 6848.3)
(1.61, 7574.6, 10053.4)
(-7.79, 9384.1, 3591.2)
(-7.37, 449.7, 755.5)
(-4.32, 9748.5, 6643.9)
(1.64, 6855.2, 2179.9)
(-9.46, 6487.0, 10748.3)
(1.27, 9111.0, 4689.9)
(-4.06, 7445.4, 7158.0)
(7.24, 9506.0, 3922.3)
(4.34, 821.2, 195.9)
(7.98, 5519.9, 1457.4)
(9.19, 10322.3, 6598.0)
(-4.25, 3172.2, 4489.8)
(-4.31, 96.2, 3439.9)
(9.87, 5985.9, 389.4)
(-2.97, 5908.6, 3544.3)
(-4.27, 7832.9, 7068.9)
(5.11, 9644.3, 10637.7)
(-5.89, 2629.1, 4880.6)
(8.51, 3892.1, 8158.7)
(-8.32, 5830.8, 8301.6)
(-6.28, 5657.2, 7965.6)
(-8.23, 6799.9, 7848.0)
(-5.76, 9173.8, 1397.3)
(-8.06, 1064.3, 6134.4)
(-8.27, 2628.5, 7682.8)
(-4.02, 7825.8, 3904.4)
(5.93, 6660.2, 7432.5)
(-7.07, 3514.7, 4856.9)
(-5.72, 944.5, 2171.9)
(-6.47, 1899.0, 2986.2)
(-9.35, 323.2, 10678.2)
(3.84, 497.6, 8873.4)
(-3.34, 3739.2, 10775.5)
(9.37, 4132.9, 4339.8)
(-3.60, 10007.7, 7741.3)
(9.33, 1716.8, 10127.5)
