9000x9000
(-9.70, 1051.5, 815.7)
(9.48, 6043.4, 755.4)
(7.90, 156.8, 8879.2)
(-1.14, 5541.7, 1336.8)
(2.65, 7607.3, 4527.3)
(8.92, 581.0, 4869.3)
(5.19, 4634.9, 413.6)
(8.42, 5801.1, 4328.8)
(4.20, 5898.7, 1800.1)
(8.89, 8472.3, 635.2)
(-4.00, 5915.5, 1503.8)
(-1.69, 1475.9, 5015.4)
(-2.30, 6938.0, 8611.4)
(-2.27, 4086.8, 3745.8)
(6.96, 1595.9, 1391.0)
(9.59, 7011.8, 4180.1)
(-6.07, 4462.2, 5245.2)
(5.21, 7045.2, 4237.1)
(8.36, 3955.9, 7028.8)
(-8.33, 2475.1, 6998.2)
(4.75, 8450.9, 927.7)
(-8.57, 7358.8, 5906.9)
(-6.77, 973.3, 6300.5)
(-9.67, 8746.4, 7630.5)
(-9.85, 7141.3, 4019.6)
(-1.64, 1927.1, 8049.9)
(8.23, 4559.9, 788.9)
(-9.40, 2750.3, 4147.0)
(6.26, 6198.8, 8544.6)
(1.91, 6343.0, 7985.3)
(-5.50, 8378.3, 1845.5)
(-9.01, 1572.0, 5260.0)
(-3.72, 4808.5, 4495.8)
(-7.96, 3003.5, 1178.3)
(6.62, 7580.2, 627.7)
(3.93, 6013.5, 547.4)
(1.79, 8238.9, 359.2)
(-4.52, 1863.9, 7404.7)
(-4.43, 4836.9, 8288.7)
(4.80, 7548.1, 835.7)
(-3.34, 3600.2, 5083.9)
(-5.73, 2467.8, 2676.7)
(-8.53, 472.4, 7896.0)
(-4.96, 1487.7, 2770.9)
(-1.66, 2685.5, 7575.9)
(8.45, 3604.2, 4301.2)
(-3.53, 5896.4, 3118.0)
(-2.52, 7233.2, 4269.4)
(-1.25, 5945.7, 933.3)
(-4.30, 586.7, 1260.0)
(-9.15, 8820.5, 6781.5)
(-9.96, 6133.1, 5247.0)
(-6.07, 5062.2, 4581.9)
(7.75, 4805.8, 5419.2)
(-4.06, 8224.8, 4121.8)
(1.76, 7416.4, 2314.1)
(2.23, 3550.5, 5981.1)
(1.40, 5998.7, 8915.0)
(-5.64, 8177.7, 8166.9)
(-8.60, 2352.6, 4369.6)
(-6.22, 4538.9, 5877.6)
(-8.30, 7762.2, 2066.2)
(5.30, 7899.8, 5603.1)
(1.61, 6197.2, 8225.3)
(-7.79, 7677.7, 2938.2)
(-7.37, 367.9, 618.1)
(-4.32, 7975.9, 5435.8)
(1.64, 5608.7, 1783.5)
(-9.46, 5307.5, 8793.9)
(1.27, 7454.3, 3837.1)
(-4.06, 6091.6, 5856.4)
(7.24, 7777.4, 3209.1)
(4.34, 671.9, 160.3)
(7.98, 4516.2, 1192.4)
(9.19, 8445.4, 5398.3)
(-4.25, 2595.4, 3673.4)
(-4.31, 78.7, 2814.4)
(9.87, 4897.5, 318.6)
(-2.97, 4834.2, 2899.8)
(-4.27, 6408.6, 5783.5)
(5.11, 7890.6, 8703.4)
(-5.89, 2151.0, 3993.2)
(8.51, 3184.4, 6675.2)
(-8.32, 4770.6, 6792.1)
(-6.28, 4628.5, 6517.1)
(-8.23, 5563.4, 6420.9)
(-5.76, 7505.6, 1143.3)
(-8.06, 870.8, 5018.9)
(-8.27, 2150.5, 6285.8)
(-4.02, 6402.8, 3194.4)
(5.93, 5449.1, 6081.0)
(-7.07, 2875.6, 3973.8)
(-5.72, 772.8, 1776.9)
(-6.47, 1553.7, 2443.2)
(-9.35, 264.4, 8736.5)
(3.84, 407.1, 7259.9)
(-3.34, 3059.3, 8816.2)
(9.37, 3381.4, 3550.7)
(-3.60, 8188.0, 6333.7)
(9.33, 1404.6, 8285.9)
