5000x5000
(-9.70, 584.1, 453.1)
(9.48, 3357.1, 419.6)
(7.90, 87.1, 4932.5)
(-1.14, 3078.5, 742.6)
(2.65, 4225.9, 2514.9)
(8.92, 322.7, 2704.9)
(5.19, 2574.7, 229.8)
(8.42, 3222.5, 2404.7)
(4.20, 3276.8, 1000.0)
(8.89, 4706.4, 352.9)
(-4.00, 3286.1, 835.4)
(-1.69, 819.9, 2786.1)
(-2.30, 3854.1, 4783.7)
(-2.27, 2270.3, 2080.8)
(6.96, 886.5, 772.7)
(9.59, 3895.1, 2322.0)
(-6.07, 2478.8, 2913.7)
(5.21, 3913.7, 2353.7)
(8.36, 2197.5, 3904.5)
(-8.33, 1374.9, 3887.6)
(4.75, 4694.5, 515.4)
(-8.57, 4087.9, 3281.3)
(-6.77, 540.7, 3500.0)
(-9.67, 4858.7, 4238.8)
(-9.85, 3967.0, 2232.9)
(-1.64, 1070.5, 4471.8)
(8.23, 2533.1, 438.3)
(-9.40, 1527.8, 2303.7)
(6.26, 3443.5, 4746.6)
(1.91, 3523.6, 4435.9)
(-5.50, 4654.2, 1025.2)
(-9.01, 873.3, 2922.0)
(-3.72, 2671.2, 2497.4)
(-7.96, 1668.5, 654.5)
(6.62, 4210.9, 348.7)
(3.93, 3340.5, 304.1)
(1.79, 4576.7, 199.5)
(-4.52, 1035.4, 4113.4)
(-4.43, 2686.9, 4604.4)
(4.80, 4193.0, 464.3)
(-3.34, 1999.9, 2824.1)
(-5.73, 1370.9, 1486.9)
(-8.53, 262.4, 4386.3)
(-4.96, 826.4, 1539.3)
(-1.66, 1491.8, 4208.5)
(8.45, 2002.2, 2389.3)
(-3.53, 3275.5, 1732.1)
(-2.52, 4018.1, 2371.7)
(-1.25, 3302.9, 518.5)
(-4.30, 325.9, 699.9)
(-9.15, 4899.9, 3767.1)
(-9.96, 3407.0, 2914.8)
(-6.07, 2812.1, 2545.3)
(7.75, 2669.6, 3010.4)
(-4.06, 4568.9, 2289.7)
(1.76, 4119.9, 1285.5)
(2.23, 1972.3, 3322.5)
(1.40, 3332.3, 4952.3)
(-5.64, 4542.8, 4536.8)
(-8.60, 1306.9, 2427.4)
(-6.22, 2521.4, 3265.1)
(-8.30, 4311.9, 1147.8)
(5.30, 4388.4, 3112.5)
(1.61, 3442.6, 4569.2)
(-7.79, 4265.0, 1632.2)
(-7.37, 204.4, 343.4)
(-4.32, 4430.7, 3019.6)
(1.64, 3115.7, 990.8)
(-9.46, 2948.3, 4885.1)
(1.27, 4140.9, 2131.6)
(-4.06, 3383.9, 3253.3)
(7.24, 4320.4, 1782.7)
(4.34, 373.2, 89.0)
(7.98, 2508.8, 662.4)
(9.19, 4691.5, 2998.8)
(-4.25, 1441.7, 2040.6)
(-4.31, 43.7, 1563.4)
(9.87, 2720.6, 177.0)
(-2.97, 2685.4, 1610.9)
(-4.27, 3560.0, 3212.8)
(5.11, 4383.3, 4834.8)
(-5.89, 1194.9, 2218.2)
(8.51, 1769.0, 3708.1)
(-8.32, 2650.1, 3773.0)
(-6.28, 2571.2, 3620.3)
(-8.23, 3090.5, 3566.9)
(-5.76, 4169.4, 635.1)
(-8.06, 483.7, 2788.0)
(-8.27, 1194.6, 3491.8)
(-4.02, 3556.8, 1774.5)
(5.93, 3027.0, 3378.0)
(-7.07, 1597.4, 2207.5)
(-5.72, 429.3, 987.1)
(-6.47, 863.1, 1357.2)
(-9.35, 146.9, 4853.2)
(3.84, 226.2, 4032.9)
(-3.34, 1699.4, 4897.4)
(9.37, 1878.4, 1972.4)
(-3.60, 4548.5, 3518.4)
(9.33, 780.3, 4602.9)
