7000x7000
(-9.70, 817.8, 634.4)
(9.48, 4700.3, 587.5)
(7.90, 122.0, 6905.8)
(-1.14, 4310.1, 1039.7)
(2.65, 5916.6, 3521.1)
(8.92, 451.9, 3787.1)
(5.19, 3604.8, 321.7)
(8.42, 4511.8, 3366.8)
(4.20, 4587.7, 1400.0)
(8.89, 6589.4, 494.0)
(-4.00, 4600.8, 1169.6)
(-1.69, 1147.9, 3900.8)
(-2.30, 5396.1, 6697.6)
(-2.27, 3178.5, 2913.3)
(6.96, 1241.2, 1081.8)
(9.59, 5453.4, 3251.0)
(-6.07, 3470.5, 4079.4)
(5.21, 5479.4, 3295.4)
(8.36, 3076.7, 5466.7)
(-8.33, 1925.0, 5442.9)
(4.75, 6572.7, 721.5)
(-8.57, 5723.3, 4594.1)
(-6.77, 757.0, 4900.2)
(-9.67, 6802.5, 5934.6)
(-9.85, 5554.1, 3126.2)
(-1.64, 1498.8, 6260.8)
(8.23, 3546.5, 613.6)
(-9.40, 2139.1, 3225.4)
(6.26, 4821.1, 6645.6)
(1.91, 4933.3, 6210.6)
(-5.50, 6516.2, 1435.4)
(-9.01, 1222.7, 4091.0)
(-3.72, 3739.9, 3496.6)
(-7.96, 2336.0, 916.4)
(6.62, 5895.5, 488.2)
(3.93, 4677.0, 425.7)
(1.79, 6407.8, 279.3)
(-4.52, 1449.6, 5759.0)
(-4.43, 3761.9, 6446.6)
(4.80, 5870.5, 650.0)
(-3.34, 2800.1, 3954.0)
(-5.73, 1919.3, 2081.8)
(-8.53, 367.4, 6141.1)
(-4.96, 1157.1, 2155.1)
(-1.66, 2088.6, 5892.2)
(8.45, 2803.2, 3345.3)
(-3.53, 4585.9, 2425.0)
(-2.52, 5625.7, 3320.5)
(-1.25, 4624.3, 725.9)
(-4.30, 456.3, 980.0)
(-9.15, 6860.2, 5274.3)
(-9.96, 4770.0, 4080.9)
(-6.07, 3937.1, 3563.6)
(7.75, 3737.7, 4214.8)
(-4.06, 6396.8, 3205.8)
(1.76, 5768.1, 1799.8)
(2.23, 2761.4, 4651.8)
(1.40, 4665.5, 6933.6)
(-5.64, 6360.3, 6351.8)
(-8.60, 1829.7, 3398.5)
(-6.22, 3530.1, 4571.3)
(-8.30, 6037.0, 1607.0)
(5.30, 6144.1, 4357.8)
(1.61, 4819.9, 6397.3)
(-7.79, 5971.4, 2285.2)
(-7.37, 286.2, 480.7)
(-4.32, 6203.3, 4227.7)
(1.64, 4362.2, 1387.1)
(-9.46, 4127.9, 6839.5)
(1.27, 5797.6, 2984.4)
(-4.06, 4737.7, 4554.9)
(7.24, 6048.9, 2495.9)
(4.34, 522.6, 124.6)
(7.98, 3512.5, 927.4)
(9.19, 6568.4, 4198.5)
(-4.25, 2018.6, 2857.0)
(-4.31, 61.2, 2188.9)
(9.87, 3809.0, 247.8)
(-2.97, 3759.8, 2255.3)
(-4.27, 4984.3, 4498.1)
(5.11, 6137.0, 6769.1)
(-5.89, 1673.0, 3105.7)
(8.51, 2476.7, 5191.7)
(-8.32, 3710.3, 5282.6)
(-6.28, 3599.8, 5068.7)
(-8.23, 4327.0, 4993.9)
(-5.76, 5837.5, 889.2)
(-8.06, 677.2, 3903.5)
(-8.27, 1672.6, 4888.8)
(-4.02, 4979.8, 2484.5)
(5.93, 4238.1, 4729.5)
(-7.07, 2236.5, 3090.6)
(-5.72, 601.0, 1382.0)
(-6.47, 1208.4, 1900.2)
(-9.35, 205.6, 6794.8)
(3.84, 316.7, 5646.4)
(-3.34, 2379.4, 6856.8)
(9.37, 2629.9, 2761.5)
(-3.60, 6368.2, 4926.1)
(9.33, 1092.4, 6444.4)
